20 50 30
20 7 30 25 18 28 2 15 0
16 10 12 21 17 29 0
3 28 27 17 19 20 7 25 11 23 0
3 6 11 23 18 20 19 8 2 29 0
25 1 2 13 14 26 12 0
9 6 29 28 11 30 13 19 1 0
27 3 6 7 24 20 0
13 19 22 11 5 8 17 23 29 0
18 28 27 23 15 1 29 14 24 0
3 6 15 7 29 18 9 12 0
29 7 17 27 18 13 21 0
29 6 28 26 3 25 18 0
11 2 29 24 5 16 7 19 0
30 26 8 27 22 28 2 0
27 5 6 1 9 17 20 21 0
5 29 26 13 1 18 0
5 13 30 29 6 0
20 16 5 23 27 0
21 14 4 1 24 5 13 30 18 0
5 27 22 1 9 14 0
4 5 23 6 30 18 0
8 20 22 27 18 0
10 28 19 3 24 0
11 13 22 15 4 12 14 10 5 18 0
9 2 19 25 13 15 20 14 12 7 0
25 21 22 9 2 14 24 4 30 15 0
1 28 4 26 2 13 12 0
18 24 13 21 17 30 28 2 0
2 18 16 29 17 0
9 16 21 12 15 0
10 5 9 1 16 11 2 12 8 26 0
15 14 9 2 20 0
13 7 3 17 20 0
5 2 22 16 11 6 18 26 12 0
9 29 22 25 26 23 3 0
10 9 29 3 13 15 24 30 18 0
16 13 30 18 22 0
3 14 6 28 23 7 0
15 10 8 16 21 23 25 27 0
24 18 23 6 26 21 27 3 0
18 21 28 9 16 22 1 5 10 0
6 11 22 13 7 21 4 18 3 0
7 14 11 25 30 18 24 13 0
6 22 30 7 17 25 29 15 5 0
11 17 24 22 29 30 27 0
1 26 14 2 24 23 27 21 4 12 0
24 10 23 17 14 20 29 4 15 6 0
22 15 12 2 7 21 23 18 16 0
18 8 11 20 14 0
11 25 22 14 5 15 26 9 30 0
2 20 30 0
3 8 15 17 25 27 0
3 4 18 23 29 0
3 20 22 24 28 0
4 5 7 15 22 27 0
24 1 30 0
27 20 12 7 0
16 25 0
10 13 14 21 24 29 0
22 0
1 11 12 18 19 27 0
8 16 18 22 24 26 0
2 4 5 12 14 26 0
19 9 11 28 0
24 4 21 0
24 1 19 0
2 21 23 0
27 6 30 0
2 11 16 22 27 0
3 8 12 14 23 0
1 2 3 2 2 2 1 3 4 2 2 1 2 1 3 1 1 2 2 4 1 2 1 1 2 3 3 4 2 2