50 200 100
38 74 99 86 22 2 31 0
26 48 51 91 68 58 17 34 100 28 0
4 27 8 37 82 87 0
87 72 61 25 63 40 8 52 46 67 0
82 26 44 85 86 63 39 9 97 100 0
98 18 66 52 19 99 0
65 47 80 35 99 0
41 65 29 86 64 44 77 24 0
88 73 96 2 82 67 19 69 53 25 0
12 9 63 31 91 75 26 99 85 0
55 78 66 26 24 21 22 1 12 79 0
95 45 90 72 11 93 0
61 50 77 14 66 27 0
57 30 82 50 41 10 6 15 0
29 17 12 98 87 90 51 0
99 13 4 19 82 47 0
39 21 91 62 90 100 0
7 12 2 14 36 32 24 55 0
4 22 90 61 31 0
82 31 38 49 80 57 0
80 74 60 63 98 44 10 8 51 0
45 27 84 16 48 4 24 6 15 66 0
94 51 92 22 55 93 61 0
81 97 48 14 53 60 88 66 9 94 0
87 13 83 45 84 89 0
78 27 45 100 97 0
51 87 49 50 85 32 0
43 91 61 67 78 0
76 37 83 57 88 31 0
85 33 80 22 87 6 43 19 62 10 0
49 34 78 28 12 11 68 51 95 40 0
70 58 34 8 57 66 0
75 81 69 10 5 55 95 31 27 2 0
75 59 11 20 15 96 44 55 26 0
24 67 77 12 7 90 69 87 0
77 99 93 89 4 72 54 39 0
37 53 9 74 2 61 67 34 93 0
59 55 13 48 61 33 40 42 0
97 57 56 66 48 44 41 13 0
12 75 70 72 88 59 84 49 50 68 0
18 49 43 68 44 1 11 52 4 0
97 96 16 73 28 71 45 0
9 99 58 87 70 69 14 35 1 0
76 12 95 16 91 55 60 58 86 0
34 80 100 87 31 60 43 92 0
46 39 99 66 87 0
2 83 47 11 4 72 84 0
29 83 17 47 14 44 23 0
39 82 55 65 59 9 57 85 49 52 0
61 79 75 13 4 60 68 83 0
98 62 50 82 48 40 0
1 39 33 21 79 23 97 92 68 85 0
81 73 67 42 21 68 8 87 20 0
67 81 26 38 68 29 24 65 0
77 39 20 67 51 25 52 72 74 35 0
86 95 2 19 13 36 99 14 0
32 30 43 15 64 0
68 59 92 37 55 0
66 100 46 77 49 2 81 0
38 73 60 78 85 59 54 93 79 80 0
95 46 83 81 88 48 41 0
93 47 86 53 97 14 0
71 20 24 2 31 60 0
57 86 24 23 16 26 67 91 40 0
73 32 97 78 64 33 0
45 94 49 48 69 74 56 98 59 70 0
9 7 60 2 98 0
1 27 47 30 69 4 18 32 22 14 0
93 15 48 41 47 0
30 74 64 50 68 8 13 29 99 96 0
70 95 38 44 73 59 80 53 48 0
92 56 95 39 13 0
79 44 48 89 25 68 17 71 43 36 0
88 69 46 94 15 12 78 0
71 10 97 77 46 66 0
73 69 64 60 46 40 20 63 80 24 0
92 46 12 76 36 47 0
86 96 22 32 97 72 6 0
52 51 13 76 91 10 79 70 67 0
49 72 11 60 94 74 10 78 53 99 0
34 75 39 48 29 79 0
80 79 13 95 98 0
35 17 42 1 52 28 0
13 24 88 95 40 20 0
31 89 91 83 87 81 41 0
58 32 8 21 2 10 7 14 53 0
24 69 41 42 55 50 88 0
20 75 60 34 49 35 44 95 52 0
61 27 51 87 12 59 95 0
66 32 14 77 46 55 60 67 0
89 39 15 77 74 36 27 99 0
4 85 100 63 64 89 0
100 79 2 71 11 0
32 58 95 4 96 35 73 91 66 71 0
41 11 49 46 86 7 0
83 94 24 16 9 19 3 36 0
10 42 95 44 34 74 12 0
44 64 11 96 45 71 24 47 43 0
15 86 54 18 34 88 8 14 0
37 57 49 83 96 93 27 31 0
45 53 62 6 27 0
49 78 57 35 100 74 28 38 94 59 0
67 93 3 2 16 0
50 78 10 81 20 89 0
40 64 27 36 6 92 42 61 69 0
49 74 16 58 97 78 87 99 9 0
24 49 57 45 29 13 23 0
27 35 41 63 52 44 75 93 28 34 0
46 74 12 67 63 100 39 23 9 0
36 71 93 4 12 27 49 0
39 5 45 70 78 16 59 20 0
49 5 36 82 57 29 55 72 13 60 0
80 50 88 63 27 0
59 37 75 84 18 9 0
80 7 52 48 74 41 66 19 76 50 0
17 100 60 55 98 31 51 39 12 0
28 80 88 46 81 49 0
92 98 26 82 84 28 66 0
85 46 88 53 4 55 100 70 63 20 0
30 94 47 81 75 59 0
70 66 65 32 51 22 0
51 1 11 50 54 41 82 94 0
59 69 29 64 14 66 88 71 76 81 0
94 87 77 16 76 41 100 0
26 86 20 44 27 0
1 75 74 56 70 2 14 81 41 0
30 61 84 54 86 100 11 77 81 0
88 98 12 5 1 16 49 46 68 0
15 79 100 66 76 17 0
16 92 19 62 5 86 14 0
69 33 71 14 25 0
39 14 7 6 93 0
16 58 56 15 54 1 32 25 0
33 66 40 91 26 87 42 11 0
19 54 82 8 64 4 9 0
82 35 1 65 86 22 68 7 95 78 0
3 18 11 59 96 61 48 31 94 89 0
96 95 45 28 8 93 66 50 55 2 0
95 51 37 89 96 18 77 4 91 0
39 43 1 31 83 30 75 0
47 76 18 43 86 31 0
93 45 6 21 66 78 43 67 20 8 0
89 45 62 1 27 77 20 14 0
84 27 54 41 8 28 37 56 62 2 0
54 72 27 6 85 74 0
54 36 19 53 74 93 0
29 62 7 96 42 52 25 0
54 65 88 84 40 38 68 0
48 19 73 85 67 0
30 31 88 51 44 9 73 0
31 47 87 35 30 71 68 28 0
29 13 91 12 72 0
68 76 10 81 96 19 42 63 89 0
18 16 40 81 43 83 35 92 75 0
51 72 78 2 29 55 0
73 38 11 6 39 58 60 62 94 0
84 21 62 100 20 24 69 11 35 73 0
4 8 82 78 66 37 33 0
5 25 73 80 3 17 46 9 54 10 0
7 36 91 22 47 57 74 46 42 25 0
66 80 83 90 60 0
50 21 56 28 93 20 62 0
91 100 77 71 66 27 0
71 50 40 96 49 41 83 0
80 84 27 86 1 65 45 0
49 59 97 62 39 60 86 78 0
36 71 49 22 87 58 33 81 0
79 11 83 59 35 0
16 28 23 39 49 43 0
53 82 13 61 2 93 1 23 64 0
100 37 32 81 50 0
60 46 3 88 12 84 98 0
6 96 32 78 57 0
84 83 48 58 51 60 72 77 26 0
57 46 41 29 65 69 25 0
90 33 58 31 6 52 62 72 0
71 46 53 95 19 62 59 61 0
20 41 6 62 15 100 59 0
60 31 84 96 80 24 71 16 0
91 70 67 34 68 84 12 66 81 19 0
81 15 79 97 64 92 91 90 65 13 0
55 72 20 4 2 95 19 18 0
50 58 90 71 8 53 39 73 49 74 0
60 10 38 20 88 35 0
81 6 11 25 8 0
85 44 78 81 1 33 37 86 74 0
14 17 42 12 75 2 15 83 28 0
77 13 73 61 67 99 1 27 9 0
77 55 25 36 22 82 85 8 0
70 30 89 19 100 4 39 51 79 0
92 1 43 96 29 36 35 47 0
35 68 53 10 80 0
10 98 4 34 33 78 30 0
81 68 80 52 66 25 58 31 69 0
71 83 95 3 72 40 60 15 70 56 0
31 56 90 95 58 0
12 26 49 72 98 4 29 42 5 59 0
83 94 24 50 2 27 69 66 0
94 29 21 40 64 65 77 62 19 0
67 22 23 73 96 49 28 38 57 0
3 45 0
4 81 49 18 83 0
32 17 83 14 0
25 58 36 79 0
64 59 46 54 89 27 0
97 43 12 44 79 80 0
99 68 5 73 41 75 77 28 63 0
33 0
1 35 37 43 50 0
86 84 13 38 0
41 11 17 26 93 63 0
100 73 11 51 22 0
65 68 71 7 73 42 81 23 90 91 93 0
66 71 42 22 24 0
33 42 76 19 21 56 93 0
67 100 36 35 43 45 55 0
47 83 53 54 56 0
64 74 47 16 19 22 55 94 0
98 35 53 14 0
56 73 61 0
35 82 3 92 0
82 75 13 39 0
74 42 69 54 0
97 20 63 0
98 3 38 76 89 95 0
64 76 13 19 86 88 89 0
46 34 3 70 0
11 77 7 0
87 0
5 6 8 76 46 0
97 4 53 0
2 66 5 42 11 76 47 61 94 0
32 38 49 52 29 0
10 20 94 79 0
1 27 0
70 7 74 80 87 88 26 30 95 0
38 78 52 24 59 31 0
64 98 36 37 50 0
9 51 60 20 0
66 48 18 20 26 0
96 40 9 54 89 27 0
64 2 42 17 49 54 24 91 63 0
7 82 21 85 55 31 0
48 16 2 0
57 92 0
17 18 19 69 0
65 33 97 14 15 30 62 0
36 63 0
32 66 5 72 81 88 26 0
33 35 74 50 26 0
1 2 1 2 4 2 4 2 1 4 4 3 1 1 3 2 2 1 2 1 2 4 2 1 2 1 1 4 3 1 4 2 3 2 3 2 2 2 1 1 2 2 1 3 4 1 2 2 1 2 3 1 2 1 2 3 3 1 1 1 2 2 2 1 2 1 2 3 3 2 1 2 2 3 3 3 3 1 4 4 2 2 1 1 1 2 4 1 1 2 2 1 1 2 2 2 1 2 1 3